
cf matrix for slice :2
[[3897    0    0    0    1]
 [3813    0    0    0    0]
 [1160    0    0    0    0]
 [ 594    0    0    0    0]
 [   2    0    0    0  162]]
cf matrix for slice :2
[[3898    0    0    0    0]
 [3813    0    0    0    0]
 [1160    0    0    0    0]
 [ 594    0    0    0    0]
 [ 164    0    0    0    0]]
Centralized Mean train accuracy: 0.9991255300334562
Centralized Mean test accuracy: 0.41317114965209234
before training main model
cf matrix for slice :2
[[   0    0    0    0 3898]
 [   0    0    0    0 3813]
 [   0    0    0    0 1160]
 [   0    0    0    0  594]
 [   0    0    0    0  164]]
after training main model
cf matrix for slice :2
[[3898    0    0    0    0]
 [3813    0    0    0    0]
 [1160    0    0    0    0]
 [ 594    0    0    0    0]
 [ 164    0    0    0    0]]
Before training federated
     sample  local_ind_model  merged_main_model
0  sample 0           0.4215             0.0170
1  sample 1           0.4048             0.0170
After training federated
     sample  local_ind_model  merged_main_model
0  sample 0           0.4215             0.4048
1  sample 1           0.4048             0.4048
cf matrix for slice :2
[[3898    0    0    0    0]
 [3813    0    0    0    0]
 [1160    0    0    0    0]
 [ 594    0    0    0    0]
 [ 104    0    0    0   60]]
cf matrix for slice :2
[[3898    0    0    0    0]
 [3813    0    0    0    0]
 [1160    0    0    0    0]
 [ 594    0    0    0    0]
 [   2    0    0    0  162]]
cf matrix for slice :2
[[3898    0    0    0    0]
 [3813    0    0    0    0]
 [1160    0    0    0    0]
 [ 594    0    0    0    0]
 [   2    0    0    0  162]]
cf matrix for slice :2
[[3898    0    0    0    0]
 [3813    0    0    0    0]
 [1160    0    0    0    0]
 [ 594    0    0    0    0]
 [   2    0    0    0  162]]
cf matrix for slice :2
[[3898    0    0    0    0]
 [3813    0    0    0    0]
 [1160    0    0    0    0]
 [ 594    0    0    0    0]
 [   2    0    0    0  162]]
cf matrix for slice :2
[[3898    0    0    0    0]
 [3813    0    0    0    0]
 [1160    0    0    0    0]
 [ 594    0    0    0    0]
 [   2    0    0    0  162]]
cf matrix for slice :2
[[3898    0    0    0    0]
 [3813    0    0    0    0]
 [1160    0    0    0    0]
 [ 594    0    0    0    0]
 [   2    0    0    0  162]]
cf matrix for slice :2
[[3897    0    0    0    1]
 [3813    0    0    0    0]
 [1160    0    0    0    0]
 [ 594    0    0    0    0]
 [   2    0    0    0  162]]
cf matrix for slice :2
[[3898    0    0    0    0]
 [3813    0    0    0    0]
 [1160    0    0    0    0]
 [ 594    0    0    0    0]
 [   2    0    0    0  162]]
cf matrix for slice :2
[[3898    0    0    0    0]
 [3813    0    0    0    0]
 [1160    0    0    0    0]
 [ 594    0    0    0    0]
 [   2    0    0    0  162]]
cf matrix for slice :2
[[3898    0    0    0    0]
 [3813    0    0    0    0]
 [1160    0    0    0    0]
 [ 594    0    0    0    0]
 [   2    0    0    0  162]]
cf matrix for slice :2
[[3898    0    0    0    0]
 [3813    0    0    0    0]
 [1160    0    0    0    0]
 [ 594    0    0    0    0]
 [   2    0    0    0  162]]
cf matrix for slice :2
[[3898    0    0    0    0]
 [3813    0    0    0    0]
 [1160    0    0    0    0]
 [ 594    0    0    0    0]
 [   2    0    0    0  162]]
cf matrix for slice :2
[[3897    0    0    0    1]
 [3813    0    0    0    0]
 [1160    0    0    0    0]
 [ 594    0    0    0    0]
 [   2    0    0    0  162]]
cf matrix for slice :2
[[3898    0    0    0    0]
 [3813    0    0    0    0]
 [1160    0    0    0    0]
 [ 594    0    0    0    0]
 [   2    0    0    0  162]]
cf matrix for slice :2
[[3897    0    0    0    1]
 [3813    0    0    0    0]
 [1160    0    0    0    0]
 [ 594    0    0    0    0]
 [   2    0    0    0  162]]
cf matrix for slice :2
[[3898    0    0    0    0]
 [3813    0    0    0    0]
 [1160    0    0    0    0]
 [ 594    0    0    0    0]
 [   2    0    0    0  162]]
cf matrix for slice :2
[[3898    0    0    0    0]
 [3813    0    0    0    0]
 [1160    0    0    0    0]
 [ 594    0    0    0    0]
 [   2    0    0    0  162]]
cf matrix for slice :2
[[3898    0    0    0    0]
 [3813    0    0    0    0]
 [1160    0    0    0    0]
 [ 594    0    0    0    0]
 [   2    0    0    0  162]]
cf matrix for slice :2
[[3898    0    0    0    0]
 [3813    0    0    0    0]
 [1160    0    0    0    0]
 [ 594    0    0    0    0]
 [   2    0    0    0  162]]
cf matrix for slice :2
[[3898    0    0    0    0]
 [3813    0    0    0    0]
 [1160    0    0    0    0]
 [ 594    0    0    0    0]
 [   2    0    0    0  162]]
cf matrix for slice :2
[[3897    0    0    0    1]
 [3813    0    0    0    0]
 [1160    0    0    0    0]
 [ 594    0    0    0    0]
 [   2    0    0    0  162]]
cf matrix for slice :2
[[3898    0    0    0    0]
 [3813    0    0    0    0]
 [1160    0    0    0    0]
 [ 594    0    0    0    0]
 [   2    0    0    0  162]]
cf matrix for slice :2
[[3898    0    0    0    0]
 [3813    0    0    0    0]
 [1160    0    0    0    0]
 [ 594    0    0    0    0]
 [   2    0    0    0  162]]
cf matrix for slice :2
[[3898    0    0    0    0]
 [3813    0    0    0    0]
 [1160    0    0    0    0]
 [ 594    0    0    0    0]
 [   2    0    0    0  162]]
cf matrix for slice :2
[[3898    0    0    0    0]
 [3813    0    0    0    0]
 [1160    0    0    0    0]
 [ 594    0    0    0    0]
 [   2    0    0    0  162]]
cf matrix for slice :2
[[3898    0    0    0    0]
 [3813    0    0    0    0]
 [1160    0    0    0    0]
 [ 594    0    0    0    0]
 [   2    0    0    0  162]]
cf matrix for slice :2
[[3898    0    0    0    0]
 [3813    0    0    0    0]
 [1160    0    0    0    0]
 [ 594    0    0    0    0]
 [   2    0    0    0  162]]
cf matrix for slice :2
[[3898    0    0    0    0]
 [3813    0    0    0    0]
 [1160    0    0    0    0]
 [ 594    0    0    0    0]
 [   2    0    0    0  162]]
cf matrix for slice :2
[[3898    0    0    0    0]
 [3813    0    0    0    0]
 [1160    0    0    0    0]
 [ 594    0    0    0    0]
 [   2    0    0    0  162]]
cf matrix for slice :2
[[3898    0    0    0    0]
 [3813    0    0    0    0]
 [1160    0    0    0    0]
 [ 594    0    0    0    0]
 [   2    0    0    0  162]]
cf matrix for slice :2
[[3898    0    0    0    0]
 [3813    0    0    0    0]
 [1160    0    0    0    0]
 [ 594    0    0    0    0]
 [   2    0    0    0  162]]
cf matrix for slice :2
[[3898    0    0    0    0]
 [3813    0    0    0    0]
 [1160    0    0    0    0]
 [ 594    0    0    0    0]
 [   2    0    0    0  162]]
cf matrix for slice :2
[[3898    0    0    0    0]
 [3813    0    0    0    0]
 [1160    0    0    0    0]
 [ 594    0    0    0    0]
 [   2    0    0    0  162]]
cf matrix for slice :2
[[3898    0    0    0    0]
 [3813    0    0    0    0]
 [1160    0    0    0    0]
 [ 594    0    0    0    0]
 [   2    0    0    0  162]]
cf matrix for slice :2
[[3898    0    0    0    0]
 [3813    0    0    0    0]
 [1160    0    0    0    0]
 [ 594    0    0    0    0]
 [   2    0    0    0  162]]
cf matrix for slice :2
[[3898    0    0    0    0]
 [3813    0    0    0    0]
 [1160    0    0    0    0]
 [ 594    0    0    0    0]
 [   2    0    0    0  162]]
cf matrix for slice :2
[[3898    0    0    0    0]
 [3813    0    0    0    0]
 [1160    0    0    0    0]
 [ 594    0    0    0    0]
 [   2    0    0    0  162]]
cf matrix for slice :2
[[3898    0    0    0    0]
 [3813    0    0    0    0]
 [1160    0    0    0    0]
 [ 594    0    0    0    0]
 [   2    0    0    0  162]]
cf matrix for slice :2
[[3898    0    0    0    0]
 [3813    0    0    0    0]
 [1160    0    0    0    0]
 [ 594    0    0    0    0]
 [   2    0    0    0  162]]
cf matrix for slice :2
[[3898    0    0    0    0]
 [3813    0    0    0    0]
 [1160    0    0    0    0]
 [ 594    0    0    0    0]
 [   2    0    0    0  162]]
cf matrix for slice :2
[[3898    0    0    0    0]
 [3813    0    0    0    0]
 [1160    0    0    0    0]
 [ 594    0    0    0    0]
 [   2    0    0    0  162]]